-	0.0000000000	0.0000000000	0.0000000000	0.0000000000	0.0000000000	0.0000000000	0.0000000000	0.0000000000	0.0000000000	0.0000000000	0.0000000000	0.0000000000	0.0000000000	0.0000000000	0.0000000000
A	0.4938271605	0.2301886792	0.3553459119	0.5035460993	1.0000000000	0.5116279070	0.0000000000	0.2489959839	0.1644803229	0.4757575758	0.6609686610	0.5650684932	0.5300000000	0.1875000000	0.8048780488
C	0.8641975309	0.4037735849	0.5786163522	0.3865248227	0.0000000000	0.2325581395	0.7833333333	0.2048192771	0.3229061554	0.9363636364	0.7920227920	0.0000000000	0.2200000000	0.0000000000	0.3292682927
D	1.0000000000	0.1735849057	0.0000000000	0.0000000000	0.4042553191	0.2325581395	1.0000000000	0.8674698795	0.3239152371	0.1909090909	0.2763532764	0.2157534247	0.9850000000	0.4000000000	0.5975609756
E	0.4197530864	0.1773584906	0.0188679245	0.0319148936	0.7127659574	0.0000000000	0.2666666667	0.8112449799	0.4883955600	0.1060606061	0.1396011396	0.0719178082	0.9250000000	0.3750000000	0.4390243902
F	0.8765432099	0.7622641509	0.6006289308	0.6702127660	0.5744680851	1.0000000000	0.2666666667	0.0763052209	0.7830474268	1.0000000000	0.9572649573	0.9726027397	0.0050000000	0.7250000000	0.6829268293
G	0.0246913580	0.0264150943	0.1383647799	0.1702127660	0.3085106383	0.2325581395	1.0000000000	1.0000000000	0.0000000000	0.3878787879	0.5128205128	0.2739726027	0.6600000000	0.1000000000	0.8414634146
H	0.8395061728	0.2301886792	0.0817610063	0.0531914894	0.5744680851	0.6511627907	0.6333333333	0.1124497992	0.5610494450	0.5787878788	0.6695156695	0.2431506849	0.5750000000	0.4625000000	0.3780487805
I	0.0000000000	0.8377358491	0.4402515723	0.5425531915	0.7127659574	1.0000000000	0.0000000000	0.6706827309	0.6629667003	0.8848484848	0.8205128205	0.5410958904	0.0000000000	0.4625000000	0.6219512195
K	0.5061728395	0.4339622642	0.0031446541	0.0035460993	0.5744680851	0.0000000000	0.6333333333	0.6867469880	0.6942482341	0.0000000000	0.0000000000	0.1883561644	1.0000000000	0.9000000000	0.6341463415
L	0.2716049383	0.5773584906	1.0000000000	0.9893617021	1.0000000000	0.6511627907	0.2666666667	0.2811244980	0.6629667003	0.8666666667	0.8433048433	1.0000000000	0.0850000000	0.5625000000	0.5121951220
M	0.7037037037	0.4452830189	0.8238993711	1.0000000000	1.0000000000	1.0000000000	0.4500000000	0.0000000000	0.6195761857	0.8030303030	0.8803418803	0.5068493151	0.1600000000	0.4875000000	0.5487804878
N	0.9876543210	0.0226415094	0.0566037736	0.0460992908	0.3085106383	0.0000000000	1.0000000000	0.6746987952	0.3975782038	0.2030303030	0.3304843305	0.1198630137	0.8500000000	0.4250000000	0.7073170732
P	0.6049382716	0.7358490566	0.2232704403	0.2198581560	0.0000000000	0.0000000000	1.0000000000	0.8594377510	0.3763874874	0.3666666667	0.4330484330	0.4897260274	0.7250000000	0.7875000000	1.0000000000
Q	0.5185185185	0.0000000000	0.2106918239	0.1312056738	0.4042553191	0.3953488372	0.4500000000	0.7951807229	0.5388496468	0.2060606061	0.2022792023	0.3047945205	0.8550000000	0.4750000000	0.6463414634
R	0.5308641975	0.2264150943	0.0471698113	0.1099290780	0.4893617021	0.3953488372	0.7833333333	0.9397590361	0.7346115035	0.2151515152	0.3418803419	0.1917808219	0.9000000000	0.7375000000	0.0000000000
S	0.6790123457	0.0188679245	0.2893081761	0.2375886525	0.3085106383	0.0000000000	0.7833333333	0.8514056225	0.1876892028	0.2151515152	0.3646723647	0.1746575342	0.7400000000	0.3125000000	0.7804878049
T	0.4938271605	0.0188679245	0.2484276730	0.2730496454	0.4042553191	0.6511627907	0.6333333333	0.5983935743	0.3521695257	0.3121212121	0.3817663818	0.3424657534	0.6900000000	0.3750000000	0.8536585366
V	0.0000000000	0.4981132075	0.3238993711	0.3546099291	0.8085106383	1.0000000000	0.0000000000	0.3654618474	0.4924318870	0.8000000000	0.8689458689	0.4349315068	0.1250000000	0.2625000000	0.5365853659
W	0.9259259259	1.0000000000	0.2264150943	0.3333333333	0.7127659574	0.5116279070	1.0000000000	0.0401606426	1.0000000000	0.8666666667	1.0000000000	0.8732876712	0.2150000000	0.8875000000	0.9146341463
Y	0.8024691358	0.7094339623	0.1069182390	0.1914893617	0.4042553191	0.6511627907	0.7833333333	0.5020080321	0.8062563068	0.5878787879	0.5982905983	0.5171232877	0.3250000000	1.0000000000	0.4756097561
