AA	AA_ABREV	WOLS870101	WOLS870102	WOLS870103	FAUJ880109	GRAR740102	RADA880108	ZIMJ680103	TSAJ990101	CHOP780201	CHOP780202	CHOP780203	ZIMJ680104	NEU1	NEU2	NEU3	
ALA	A	4.35	0.61	1.18	1.56	1	0.77	0.37	0.357	52.6	16	44	7.3	0.06	-0.25	0.25	
ARG	R	4.38	0.6	0.2	0.45	0.52	0.72	0.84	0.529	109.1	-70	-68	-3.6	0.8	0.19	-0.41	
ASN	N	4.75	0.06	0.23	0.27	0.35	0.55	0.97	0.463	75.7	-74	-72	-5.7	0.7	-0.06	0.17	
ASP	D	4.76	0.46	0.05	0.14	0.44	0.65	0.97	0.511	68.4	-78	-91	-2.9	0.97	-0.08	0.08	
CYS	C	4.65	1.07	1.89	1.23	0.06	0.65	0.84	0.346	68.3	168	90	-9.2	-0.56	-0.4	-0.14	
GLN	Q	4.37	0	0.72	0.51	0.44	0.72	0.64	0.493	89.7	-73	-117	-0.3	0.71	-0.02	0.12	
GLU	E	4.29	0.47	0.11	0.23	0.73	0.55	0.53	0.497	84.7	-106	-139	-7.1	0.85	-0.1	-0.05	
GLY	G	3.97	0.07	0.49	0.62	0.35	0.65	0.97	0.544	36.3	-13	-8	-1.2	0.32	-0.32	0.28	
HIS	H	4.63	0.61	0.31	0.29	0.6	0.83	0.75	0.323	91.9	50	47	-2.1	0.15	-0.03	-0.1	
ILE	I	3.95	2.22	1.45	1.67	0.73	0.98	0.37	0.462	102	151	100	6.6	-1	-0.03	0.1	
LEU	L	4.17	1.53	3.23	2.93	1	0.83	0.53	0.365	102	145	108	20	-0.83	0.05	0.01	
LYS	K	4.36	1.15	0.06	0.15	0.6	0.55	0.75	0.466	105.1	-141	-188	-3.7	1	0.32	0.11	
MET	M	4.52	1.18	2.67	2.96	1	0.98	0.64	0.295	97.7	124	121	5.6	-0.68	-0.01	0.04	
PHE	F	4.66	2.02	1.96	2.03	0.6	0.98	0.53	0.314	113.9	189	148	19.2	-0.99	0.18	0.15	
PRO	P	4.44	1.95	0.76	0.76	0.06	0.55	0.97	0.509	73.6	-20	-36	5.1	0.45	0.23	0.41	
SER	S	4.5	0.05	0.97	0.81	0.35	0.55	0.84	0.507	54.9	-70	-60	-4.1	0.48	-0.15	0.23	
THR	T	4.35	0.05	0.84	0.91	0.44	0.83	0.75	0.444	71.2	-38	-54	0.8	0.38	-0.1	0.29	
TRP	W	4.7	2.65	0.77	1.08	0.73	0.77	0.97	0.305	135.4	145	163	16.3	-0.57	0.31	0.34	
TYR	Y	4.6	1.88	0.39	0.68	0.44	0.83	0.84	0.42	116.2	53	22	5.9	-0.35	0.4	-0.02	
VAL	V	3.95	1.32	1.08	1.14	0.82	0.98	0.37	0.386	85.1	123	117	3.5	-0.75	-0.19	0.03	